[38;2;253;253;249m░[38;2;253;254;251m░[38;2;251;251;250m░[38;2;190;195;198m░[38;2;181;184;189m▒[38;2;185;189;192m▒[38;2;183;188;191m▒[38;2;184;190;192m▒[38;2;186;188;192m▒[38;2;185;188;192m▒[38;2;184;190;191m▒[38;2;184;191;192m░[38;2;185;189;192m▒[38;2;188;189;192m░[38;2;189;191;191m░[38;2;188;191;191m░[38;2;186;190;192m░[38;2;189;189;191m░[38;2;185;189;192m▒[38;2;191;197;197m░[38;2;69;70;68m▒[38;2;11;13;9m▓[38;2;102;73;55m▒[38;2;172;120;85m▒[38;2;179;126;95m▒[38;2;165;114;88m▒[38;2;160;109;83m▒[38;2;167;112;83m▒[38;2;183;123;92m▒[38;2;184;123;94m▒[38;2;153;99;74m▒[38;2;125;83;64m▒[38;2;88;63;47m▒[38;2;68;49;35m▓[38;2;99;70;54m▒[38;2;117;82;65m▒[38;2;118;85;67m▒[38;2;165;124;100m▒[38;2;205;149;119m▒[38;2;99;74;58m▒[38;2;30;29;27m▓[38;2;39;37;32m▓[38;2;146;148;143m▒[38;2;201;201;198m░[38;2;191;191;188m░[38;2;192;193;190m░[38;2;192;193;190m░[38;2;192;193;190m░[38;2;192;192;189m░[38;2;191;191;189m░[38;2;191;192;188m░[38;2;192;193;190m░[38;2;192;192;189m░[38;2;192;192;189m░[38;2;191;192;189m░[38;2;191;192;189m░[38;2;191;192;189m░[38;2;188;188;186m▒[38;2;196;197;197m░[38;2;250;250;247m░[38;2;254;254;251m░[38;2;253;253;250m░[0m
[38;2;252;252;249m░[38;2;255;255;255m [38;2;224;226;226m [38;2;177;182;185m░[38;2;184;189;191m░[38;2;182;189;191m░[38;2;183;189;191m░[38;2;185;189;191m░[38;2;185;189;192m░[38;2;183;190;190m░[38;2;183;191;191m░[38;2;184;190;192m░[38;2;185;190;193m░[38;2;190;192;190m░[38;2;192;193;189m░[38;2;191;193;189m░[38;2;191;191;190m░[38;2;190;191;190m░[38;2;183;190;190m░[38;2;198;205;206m▒[38;2;120;122;122m▒[38;2;10;9;6m▓[38;2;117;88;66m▓[38;2;124;97;74m▒[38;2;79;63;51m▒[38;2;57;47;37m▒[38;2;57;46;34m▒[38;2;85;60;43m▒[38;2;141;94;66m▒[38;2;159;103;73m▒[38;2;133;85;60m▒[38;2;116;74;50m▒[38;2;108;69;45m▒[38;2;100;66;45m▒[38;2;95;66;47m▒[38;2;110;73;50m▒[38;2;139;92;63m▒[38;2;156;109;78m▒[38;2;202;142;114m▒[38;2;142;109;88m▒[38;2;27;31;26m▓[38;2;33;36;30m▓[38;2;170;169;164m▒[38;2;200;201;199m░[38;2;191;192;188m░[38;2;193;194;190m░[38;2;192;194;190m░[38;2;192;192;190m░[38;2;192;192;189m░[38;2;191;193;189m░[38;2;191;193;189m░[38;2;191;192;189m░[38;2;192;192;189m░[38;2;191;192;188m░[38;2;191;193;188m░[38;2;191;192;189m░[38;2;190;191;188m░[38;2;191;192;188m░[38;2;184;187;185m░[38;2;222;225;223m [38;2;255;255;254m [38;2;251;252;248m░[0m
[38;2;253;253;250m░[38;2;252;252;251m░[38;2;194;197;199m░[38;2;181;186;188m░[38;2;183;190;190m░[38;2;183;190;190m░[38;2;184;188;191m░[38;2;185;189;191m░[38;2;185;190;191m░[38;2;183;191;190m░[38;2;185;190;192m░[38;2;186;190;193m░[38;2;189;192;193m░[38;2;190;193;190m░[38;2;191;192;189m░[38;2;191;192;189m░[38;2;193;194;190m░[38;2;192;194;190m░[38;2;188;192;190m░[38;2;194;197;198m░[38;2;167;170;170m▒[38;2;44;42;36m▓[38;2;117;89;66m▓[38;2;71;55;42m▒[38;2;96;67;48m▒[38;2;86;57;35m▓[38;2;66;45;25m▒[38;2;76;50;29m▒[38;2;107;66;44m▒[38;2;191;143;118m▒[38;2;184;134;106m▒[38;2;103;63;37m▒[38;2;86;55;36m▒[38;2;82;60;49m▒[38;2;51;44;36m▓[38;2;67;53;40m▒[38;2;96;69;48m▒[38;2;155;108;78m▒[38;2;203;147;114m▒[38;2;157;119;95m▒[38;2;54;51;43m▒[38;2;154;115;92m▒[38;2;191;135;110m░[38;2;191;183;176m░[38;2;194;198;194m░[38;2;192;193;190m░[38;2;192;193;189m░[38;2;192;193;189m░[38;2;192;193;189m░[38;2;192;194;189m░[38;2;192;193;190m░[38;2;191;192;189m░[38;2;191;193;189m░[38;2;192;194;189m░[38;2;191;193;190m░[38;2;191;192;189m░[38;2;191;192;188m░[38;2;191;193;189m░[38;2;186;189;186m░[38;2;192;197;198m░[38;2;251;251;249m░[38;2;253;254;251m░[0m
[38;2;255;255;254m░[38;2;232;234;232m░[38;2;180;183;186m░[38;2;185;189;191m░[38;2;184;189;190m░[38;2;185;187;190m░[38;2;184;188;191m░[38;2;184;189;191m░[38;2;185;190;191m░[38;2;185;190;192m░[38;2;185;189;192m░[38;2;187;191;192m░[38;2;191;193;190m░[38;2;192;193;190m░[38;2;191;191;189m░[38;2;191;191;188m░[38;2;192;194;190m░[38;2;192;193;189m░[38;2;191;191;188m░[38;2;188;188;186m░[38;2;201;202;199m▒[38;2;79;80;76m▒[38;2;104;77;60m▒[38;2;127;86;63m▓[38;2;75;48;31m▒[38;2;48;42;34m▓[38;2;35;30;26m▓[38;2;56;37;27m▓[38;2;108;67;44m▒[38;2;221;166;136m▒[38;2;225;168;137m▒[38;2;166;109;80m▒[38;2;121;78;58m▒[38;2;117;75;55m▒[38;2;129;83;59m▒[38;2;142;95;70m▒[38;2;175;125;97m▒[38;2;206;152;124m▒[38;2;210;156;123m▒[38;2;171;128;104m▒[38;2;106;80;64m▒[38;2;176;117;88m▒[38;2;164;96;69m▒[38;2;186;172;161m░[38;2;195;200;197m░[38;2;192;192;189m░[38;2;193;193;189m░[38;2;193;194;189m░[38;2;192;193;189m░[38;2;191;191;188m░[38;2;192;192;189m░[38;2;192;193;189m░[38;2;192;193;189m░[38;2;191;192;189m░[38;2;191;191;189m░[38;2;191;191;189m░[38;2;190;192;188m░[38;2;191;192;189m░[38;2;189;190;189m░[38;2;179;185;185m░[38;2;230;232;231m░[38;2;255;255;255m░[0m
[38;2;255;255;254m░[38;2;207;209;210m░[38;2;180;183;186m░[38;2;185;188;190m░[38;2;186;188;190m░[38;2;185;188;191m░[38;2;185;188;190m░[38;2;184;189;190m░[38;2;185;189;192m░[38;2;187;188;192m░[38;2;185;189;191m░[38;2;187;190;191m░[38;2;191;192;190m░[38;2;191;191;189m░[38;2;191;191;189m░[38;2;191;192;189m░[38;2;192;193;189m░[38;2;191;192;189m░[38;2;192;192;189m░[38;2;189;190;186m░[38;2;204;206;202m▒[38;2;104;105;104m▒[38;2;110;83;67m▒[38;2;123;83;58m▒[38;2;69;45;29m▒[38;2;90;63;50m▒[38;2;95;61;48m▒[38;2;108;69;54m▒[38;2;156;100;72m▒[38;2;220;164;135m░[38;2;227;180;155m░[38;2;209;143;115m░[38;2;194;129;98m░[38;2;187;136;110m▒[38;2;187;139;117m░[38;2;204;152;128m░[38;2;226;168;140m░[38;2;221;168;137m░[38;2;213;159;126m░[38;2;181;136;114m▒[38;2;119;82;65m▒[38;2;156;101;75m▒[38;2;187;123;98m░[38;2;188;175;166m░[38;2;195;198;196m░[38;2;193;192;189m░[38;2;192;193;189m░[38;2;192;193;190m░[38;2;192;192;189m░[38;2;191;191;188m░[38;2;192;192;189m░[38;2;192;193;189m░[38;2;192;192;189m░[38;2;191;191;189m░[38;2;191;192;189m░[38;2;190;191;189m░[38;2;190;191;188m░[38;2;189;190;190m░[38;2;187;192;192m░[38;2;180;186;187m░[38;2;204;208;209m░[38;2;255;255;254m░[0m
[38;2;248;248;246m░[38;2;190;192;195m░[38;2;184;186;189m░[38;2;184;187;190m░[38;2;184;187;190m░[38;2;184;189;189m░[38;2;184;189;190m░[38;2;185;189;192m░[38;2;185;189;192m░[38;2;184;190;191m░[38;2;186;191;192m░[38;2;190;191;190m░[38;2;192;192;190m░[38;2;191;192;189m░[38;2;191;192;188m░[38;2;192;194;189m░[38;2;192;193;191m░[38;2;192;193;189m░[38;2;192;192;188m░[38;2;192;196;192m░[38;2;194;185;178m░[38;2;157;112;94m▒[38;2;137;106;86m▒[38;2;157;114;81m▒[38;2;152;106;77m▒[38;2;149;96;71m▒[38;2;145;97;74m▒[38;2;161;107;79m▒[38;2;192;138;109m░[38;2;236;192;174m▒[38;2;238;198;179m▒[38;2;224;170;142m░[38;2;204;144;116m░[38;2;223;166;141m▒[38;2;237;185;166m▒[38;2;232;179;157m░[38;2;224;171;146m░[38;2;215;166;136m░[38;2;209;153;122m░[38;2;169;127;105m░[38;2;140;100;79m▒[38;2;144;83;56m▒[38;2;182;127;104m░[38;2;195;193;189m░[38;2;194;195;192m░[38;2;193;193;189m░[38;2;193;193;189m░[38;2;192;193;190m░[38;2;192;193;190m░[38;2;192;192;189m░[38;2;192;193;188m░[38;2;193;194;190m░[38;2;192;192;190m░[38;2;191;192;189m░[38;2;191;193;189m░[38;2;190;192;190m░[38;2;189;190;189m░[38;2;187;190;192m░[38;2;185;191;191m░[38;2;183;189;190m░[38;2;187;192;194m░[38;2;246;246;244m░[0m
[38;2;231;232;231m░[38;2;184;185;187m░[38;2;186;187;190m░[38;2;185;187;188m░[38;2;184;189;188m░[38;2;184;189;190m░[38;2;184;189;190m░[38;2;185;189;191m░[38;2;184;191;191m░[38;2;184;191;191m░[38;2;185;191;192m░[38;2;187;191;191m░[38;2;191;192;189m░[38;2;191;193;188m░[38;2;192;193;189m░[38;2;192;193;189m░[38;2;192;193;190m░[38;2;192;194;190m░[38;2;191;194;189m░[38;2;191;193;190m░[38;2;197;196;193m▒[38;2;156;104;82m▒[38;2;132;98;73m▒[38;2;190;141;112m▒[38;2;198;143;120m▒[38;2;202;147;126m▒[38;2;207;151;128m▒[38;2;193;137;110m▒[38;2;191;137;111m▒[38;2;198;136;106m░[38;2;190;127;95m░[38;2;189;131;100m░[38;2;198;140;110m▒[38;2;177;112;81m▒[38;2;214;148;119m░[38;2;222;164;139m░[38;2;217;162;135m░[38;2;208;150;121m░[38;2;197;142;111m░[38;2;167;129;104m░[38;2;152;106;78m▒[38;2;165;107;79m▒[38;2;186;159;144m░[38;2;196;200;197m░[38;2;193;194;190m░[38;2;193;195;190m░[38;2;193;194;190m░[38;2;193;194;190m░[38;2;192;194;189m░[38;2;192;194;189m░[38;2;192;193;189m░[38;2;192;193;189m░[38;2;193;193;190m░[38;2;192;193;190m░[38;2;190;193;190m░[38;2;189;191;191m░[38;2;188;190;190m░[38;2;184;191;190m░[38;2;184;191;191m░[38;2;185;190;191m░[38;2;182;186;188m░[38;2;229;230;229m░[0m
[38;2;213;214;215m░[38;2;183;184;186m░[38;2;187;187;188m░[38;2;185;188;189m░[38;2;184;189;189m░[38;2;185;188;190m░[38;2;185;188;191m░[38;2;185;189;191m░[38;2;185;191;191m░[38;2;185;190;191m░[38;2;184;189;192m░[38;2;187;191;191m░[38;2;192;193;189m░[38;2;191;193;188m░[38;2;192;192;190m░[38;2;191;192;189m░[38;2;192;193;189m░[38;2;192;193;189m░[38;2;192;193;189m░[38;2;191;191;189m░[38;2;196;201;201m░[38;2;170;144;131m░[38;2;143;100;75m▒[38;2;189;140;117m▒[38;2;209;153;130m░[38;2;219;164;140m░[38;2;213;156;134m░[38;2;196;133;110m▒[38;2;133;77;53m▒[38;2;129;78;55m▒[38;2;151;96;67m▒[38;2;103;56;34m▒[38;2;145;86;65m▒[38;2;180;117;91m░[38;2;183;119;85m░[38;2;205;144;115m░[38;2;204;142;115m░[38;2;193;134;106m░[38;2;181;131;98m░[38;2;164;130;105m░[38;2;166;116;90m▒[38;2;173;120;98m░[38;2;195;190;186m░[38;2;194;197;192m░[38;2;193;194;189m░[38;2;193;193;190m░[38;2;193;194;190m░[38;2;193;194;190m░[38;2;192;194;189m░[38;2;192;193;190m░[38;2;193;193;191m░[38;2;192;193;192m░[38;2;191;193;189m░[38;2;191;193;190m░[38;2;189;191;192m░[38;2;186;190;192m░[38;2;187;191;191m░[38;2;184;191;190m░[38;2;184;190;190m░[38;2;185;189;192m░[38;2;181;186;188m░[38;2;210;213;211m░[0m
[38;2;195;197;199m░[38;2;183;184;187m░[38;2;187;187;188m░[38;2;184;187;189m░[38;2;186;187;189m░[38;2;185;186;190m░[38;2;184;188;191m░[38;2;186;190;191m░[38;2;185;189;191m░[38;2;186;188;192m░[38;2;186;189;192m░[38;2;188;190;190m░[38;2;191;192;188m░[38;2;193;193;190m░[38;2;191;191;189m░[38;2;191;192;189m░[38;2;192;194;190m░[38;2;192;193;190m░[38;2;192;192;189m░[38;2;192;192;189m░[38;2;193;194;191m░[38;2;194;193;189m▒[38;2;158;121;101m░[38;2;166;117;90m▒[38;2;199;143;115m▒[38;2;202;140;110m░[38;2;193;129;100m░[38;2;197;132;108m▒[38;2;133;83;64m▒[38;2;111;71;53m▒[38;2;141;91;67m▒[38;2;127;86;68m▒[38;2;162;117;99m▒[38;2;212;158;140m▒[38;2;182;122;94m░[38;2;176;113;80m▒[38;2;186;127;94m░[38;2;176;125;90m░[38;2;169;124;93m░[38;2;161;127;103m░[38;2;187;132;109m░[38;2;185;158;145m░[38;2;193;198;198m░[38;2;193;194;190m░[38;2;193;193;190m░[38;2;193;192;190m░[38;2;193;193;190m░[38;2;193;194;190m░[38;2;192;192;189m░[38;2;192;192;190m░[38;2;192;192;189m░[38;2;192;192;192m░[38;2;191;191;191m░[38;2;190;190;190m░[38;2;188;189;192m░[38;2;186;190;192m░[38;2;186;191;191m░[38;2;185;189;191m░[38;2;186;189;191m░[38;2;185;188;190m░[38;2;183;187;188m░[38;2;197;199;198m░[0m
[38;2;187;188;191m▒[38;2;185;186;188m░[38;2;185;188;189m░[38;2;187;187;189m░[38;2;186;187;190m░[38;2;186;188;190m░[38;2;185;189;191m░[38;2;185;189;192m░[38;2;186;188;192m░[38;2;187;189;192m░[38;2;185;190;192m░[38;2;188;190;191m░[38;2;192;192;189m░[38;2;192;191;190m░[38;2;192;193;190m░[38;2;192;193;190m░[38;2;192;194;190m░[38;2;192;193;190m░[38;2;193;193;191m░[38;2;192;193;190m░[38;2;192;192;189m░[38;2;196;198;197m░[38;2;175;159;150m░[38;2;149;106;79m▒[38;2;172;119;87m▒[38;2;169;110;78m▒[38;2;172;113;82m▒[38;2;187;132;108m▒[38;2;166;122;100m▒[38;2;153;109;86m▒[38;2;148;96;75m▒[38;2;166;114;91m▒[38;2;196;148;124m▒[38;2;207;158;136m▒[38;2;190;142;119m▒[38;2;170;115;85m▒[38;2;169;114;77m▒[38;2;165;118;82m▒[38;2;169;127;97m▒[38;2;151;116;94m▒[38;2;150;123;109m▒[38;2;201;200;195m░[38;2;193;194;192m░[38;2;193;193;191m░[38;2;193;193;190m░[38;2;193;193;191m░[38;2;193;194;191m░[38;2;193;193;191m░[38;2;192;192;190m░[38;2;192;192;189m░[38;2;191;192;189m░[38;2;191;192;189m░[38;2;190;191;189m░[38;2;190;190;189m░[38;2;186;190;191m░[38;2;185;192;193m░[38;2;187;190;191m░[38;2;187;188;192m░[38;2;186;190;192m░[38;2;185;189;188m░[38;2;185;188;186m░[38;2;189;190;190m░[0m
[38;2;187;187;187m▒[38;2;186;187;187m░[38;2;186;187;188m░[38;2;186;187;190m░[38;2;186;188;189m░[38;2;185;189;189m░[38;2;184;189;191m░[38;2;186;189;192m░[38;2;187;189;191m░[38;2;185;191;191m░[38;2;185;192;192m░[38;2;186;190;190m░[38;2;190;191;190m░[38;2;192;193;190m░[38;2;192;194;190m░[38;2;193;194;191m░[38;2;193;193;190m░[38;2;192;193;190m░[38;2;192;194;189m░[38;2;193;194;191m░[38;2;192;193;191m░[38;2;190;193;194m░[38;2;193;198;197m▒[38;2;150;130;111m░[38;2;141;96;64m▒[38;2;146;94;64m▒[38;2;152;110;79m▒[38;2;171;127;100m▒[38;2;165;115;92m▒[38;2;149;89;70m▒[38;2;136;71;55m▒[38;2;139;79;64m▒[38;2;152;94;76m▒[38;2;141;89;69m▒[38;2;123;82;58m▒[38;2;151;106;75m▒[38;2;173;121;83m▒[38;2;164;121;87m▒[38;2;164;124;94m▒[38;2;149;117;95m▒[38;2;169;171;168m░[38;2;198;201;198m░[38;2;192;192;190m░[38;2;193;194;191m░[38;2;193;195;190m░[38;2;193;195;191m░[38;2;193;195;191m░[38;2;192;193;191m░[38;2;192;194;191m░[38;2;192;194;190m░[38;2;191;193;189m░[38;2;190;191;188m░[38;2;191;191;187m░[38;2;188;192;190m░[38;2;186;192;192m░[38;2;187;192;193m░[38;2;186;190;192m░[38;2;187;190;190m░[38;2;186;190;190m░[38;2;187;189;187m░[38;2;187;188;187m░[38;2;186;188;187m▒[0m
[38;2;184;186;184m▒[38;2;185;186;185m░[38;2;187;188;188m░[38;2;186;187;188m░[38;2;185;187;187m░[38;2;183;189;189m░[38;2;185;188;191m░[38;2;186;189;191m░[38;2;185;190;191m░[38;2;183;192;192m░[38;2;185;192;192m░[38;2;184;190;192m░[38;2;187;191;191m░[38;2;191;193;189m░[38;2;192;193;190m░[38;2;192;193;190m░[38;2;192;193;189m░[38;2;192;194;190m░[38;2;191;193;190m░[38;2;192;193;191m░[38;2;191;193;193m░[38;2;189;193;193m░[38;2;196;202;204m░[38;2;156;146;132m░[38;2;130;92;64m▒[38;2;149;102;70m▒[38;2;127;92;62m▒[38;2;111;72;51m▒[38;2;119;64;54m▒[38;2;148;75;65m▒[38;2;154;80;67m▒[38;2;177;107;100m▒[38;2;162;100;87m▒[38;2;152;102;82m▒[38;2;163;116;90m▒[38;2;152;109;74m▒[38;2;168;121;84m▒[38;2;164;120;89m▒[38;2;151;113;84m▒[38;2;147;119;96m▒[38;2;191;189;183m▒[38;2;195;196;195m░[38;2;193;193;190m░[38;2;193;194;191m░[38;2;192;194;191m░[38;2;192;194;191m░[38;2;193;193;190m░[38;2;192;193;190m░[38;2;191;195;191m░[38;2;190;194;190m░[38;2;191;192;189m░[38;2;189;191;190m░[38;2;187;192;189m░[38;2;186;193;192m░[38;2;186;191;194m░[38;2;187;190;192m░[38;2;186;190;189m░[38;2;188;189;185m░[38;2;187;189;186m░[38;2;187;189;187m░[38;2;186;188;186m░[38;2;186;189;186m▒[0m
[38;2;185;187;185m▒[38;2;187;187;184m░[38;2;187;188;186m░[38;2;186;188;187m░[38;2;187;188;188m░[38;2;187;188;190m░[38;2;186;188;190m░[38;2;186;189;190m░[38;2;186;190;191m░[38;2;186;190;192m░[38;2;187;190;191m░[38;2;186;191;192m░[38;2;188;192;192m░[38;2;191;191;189m░[38;2;191;192;189m░[38;2;192;193;190m░[38;2;193;194;191m░[38;2;191;193;191m░[38;2;191;191;192m░[38;2;191;191;191m░[38;2;192;193;191m░[38;2;191;193;190m░[38;2;196;198;200m░[38;2;172;166;159m░[38;2;125;94;67m▒[38;2;145;104;71m▒[38;2;138;95;67m▒[38;2;150;102;80m▒[38;2;151;93;75m▒[38;2;158;89;72m▒[38;2;155;91;72m▒[38;2;155;90;73m▒[38;2;160;102;75m▒[38;2;182;123;87m▒[38;2;198;138;106m▒[38;2;175;121;89m▒[38;2;159;110;77m▒[38;2;151;110;79m▒[38;2;135;105;77m▒[38;2;140;112;92m▒[38;2;190;184;179m░[38;2;194;195;194m░[38;2;193;194;190m░[38;2;193;194;191m░[38;2;192;193;190m░[38;2;192;192;191m░[38;2;192;193;190m░[38;2;191;193;191m░[38;2;187;194;193m░[38;2;189;191;193m░[38;2;189;189;192m░[38;2;186;192;192m░[38;2;187;193;192m░[38;2;187;190;193m░[38;2;187;189;191m░[38;2;189;189;190m░[38;2;188;190;187m░[38;2;187;189;185m░[38;2;188;189;186m░[38;2;188;189;185m░[38;2;187;188;184m░[38;2;187;188;185m▒[0m
[38;2;187;187;184m▒[38;2;187;188;184m░[38;2;188;188;186m░[38;2;187;188;185m░[38;2;187;187;186m░[38;2;186;188;190m░[38;2;186;188;189m░[38;2;186;188;189m░[38;2;188;188;189m░[38;2;186;190;192m░[38;2;186;190;192m░[38;2;185;191;192m░[38;2;189;190;193m░[38;2;191;191;191m░[38;2;190;191;188m░[38;2;192;193;190m░[38;2;192;193;190m░[38;2;191;191;188m░[38;2;191;191;192m░[38;2;192;192;191m░[38;2;192;193;190m░[38;2;192;193;189m░[38;2;193;193;191m░[38;2;193;193;191m▒[38;2;130;108;89m▒[38;2;130;93;64m▒[38;2;144;99;71m▒[38;2;161;108;79m▒[38;2;158;104;72m▒[38;2;145;93;64m▒[38;2;140;88;67m▒[38;2;147;93;67m▒[38;2;158;101;71m▒[38;2;187;125;94m░[38;2;187;131;100m░[38;2;172;122;90m▒[38;2;151;105;71m▒[38;2;138;102;73m▒[38;2;124;96;75m▒[38;2;141;108;87m▒[38;2;188;179;172m░[38;2;194;196;194m░[38;2;192;192;191m░[38;2;191;192;190m░[38;2;190;191;192m░[38;2;191;191;190m░[38;2;189;192;191m░[38;2;188;191;193m░[38;2;188;190;193m░[38;2;190;189;194m░[38;2;187;190;191m░[38;2;186;191;191m░[38;2;186;190;192m░[38;2;187;189;191m░[38;2;188;189;188m░[38;2;187;190;191m░[38;2;186;189;187m░[38;2;188;188;187m░[38;2;188;189;185m░[38;2;188;189;185m░[38;2;188;189;185m░[38;2;188;188;184m▒[0m
[38;2;186;187;183m▒[38;2;186;187;183m░[38;2;186;187;183m░[38;2;186;187;183m░[38;2;186;187;183m░[38;2;187;189;186m░[38;2;187;188;187m░[38;2;187;187;188m░[38;2;188;188;190m░[38;2;187;191;192m░[38;2;185;192;191m░[38;2;185;191;191m░[38;2;187;190;191m░[38;2;190;192;191m░[38;2;191;193;190m░[38;2;191;193;190m░[38;2;192;193;190m░[38;2;192;192;190m░[38;2;192;193;190m░[38;2;192;194;190m░[38;2;192;193;189m░[38;2;193;193;190m░[38;2;192;192;188m░[38;2;197;200;197m░[38;2;160;154;145m░[38;2;111;79;56m▒[38;2;135;96;67m▒[38;2;154;108;75m▒[38;2;171;118;85m▒[38;2;161;105;78m▒[38;2;153;98;72m▒[38;2;160;104;71m▒[38;2;190;130;100m▒[38;2;202;144;114m▒[38;2;175;128;96m▒[38;2;149;110;77m▒[38;2;132;97;67m▒[38;2;116;88;69m▒[38;2;114;87;69m▒[38;2;156;113;85m▒[38;2;185;175;166m░[38;2;194;199;199m░[38;2;187;190;191m░[38;2;189;191;192m░[38;2;187;192;193m░[38;2;187;191;191m░[38;2;188;191;187m░[38;2;189;190;190m░[38;2;189;189;192m░[38;2;187;190;192m░[38;2;185;190;191m░[38;2;187;189;191m░[38;2;185;188;190m░[38;2;186;189;190m░[38;2;187;190;188m░[38;2;185;190;192m░[38;2;187;189;190m░[38;2;188;189;187m░[38;2;188;189;185m░[38;2;187;189;184m░[38;2;187;188;184m░[38;2;187;188;184m▒[0m
[38;2;185;186;182m▒[38;2;186;187;182m░[38;2;186;186;182m░[38;2;186;187;182m░[38;2;187;189;183m░[38;2;187;189;183m░[38;2;187;187;185m░[38;2;187;188;188m░[38;2;185;189;189m░[38;2;185;190;189m░[38;2;185;190;190m░[38;2;186;191;192m░[38;2;185;191;191m░[38;2;187;193;192m░[38;2;190;193;191m░[38;2;191;192;188m░[38;2;192;193;191m░[38;2;193;194;192m░[38;2;192;194;190m░[38;2;192;194;190m░[38;2;192;193;189m░[38;2;192;194;190m░[38;2;192;195;189m░[38;2;190;193;188m░[38;2;194;197;194m▒[38;2;141;130;117m░[38;2;105;79;56m▒[38;2;135;100;70m▒[38;2;170;121;87m▒[38;2;178;125;93m▒[38;2;170;118;84m▒[38;2;172;121;85m▒[38;2;186;132;101m▒[38;2;166;118;85m▒[38;2;144;109;77m▒[38;2;123;97;69m▒[38;2;109;83;60m▒[38;2;99;74;56m▒[38;2;131;94;68m▒[38;2;167;120;89m░[38;2;186;173;162m░[38;2;177;184;186m░[38;2;188;194;194m░[38;2;186;191;193m░[38;2;188;193;193m░[38;2;188;192;189m░[38;2;188;190;187m░[38;2;187;190;190m░[38;2;187;190;191m░[38;2;184;190;191m░[38;2;184;190;191m░[38;2;185;188;191m░[38;2;184;190;191m░[38;2;187;191;189m░[38;2;187;189;186m░[38;2;186;189;189m░[38;2;187;189;189m░[38;2;188;190;186m░[38;2;187;189;184m░[38;2;187;189;184m░[38;2;187;188;184m░[38;2;186;188;183m▒[0m
[38;2;184;185;181m▒[38;2;185;186;181m░[38;2;186;187;182m░[38;2;186;187;182m░[38;2;187;189;183m░[38;2;187;187;184m░[38;2;187;187;183m░[38;2;187;189;186m░[38;2;187;189;190m░[38;2;186;188;190m░[38;2;186;188;190m░[38;2;187;189;190m░[38;2;188;190;192m░[38;2;188;191;193m░[38;2;189;190;192m░[38;2;190;190;189m░[38;2;189;192;192m░[38;2;188;193;192m░[38;2;190;192;190m░[38;2;193;192;193m░[38;2;191;192;191m░[38;2;191;193;192m░[38;2;192;193;189m░[38;2;192;192;191m░[38;2;191;192;193m░[38;2;195;199;198m▒[38;2;136;127;116m▒[38;2;97;74;56m▒[38;2;123;91;66m▒[38;2;148;104;75m▒[38;2;152;106;75m▒[38;2;145;103;71m▒[38;2;135;94;68m▒[38;2;121;87;63m▒[38;2;109;85;60m▒[38;2;103;77;55m▒[38;2;100;70;50m▒[38;2;121;83;59m▒[38;2;147;102;70m▒[38;2;164;118;90m▒[38;2;231;222;214m░[38;2;132;143;154m░[38;2;149;155;158m░[38;2;194;200;197m▒[38;2;186;189;188m░[38;2;189;190;190m░[38;2;188;189;187m░[38;2;187;190;190m░[38;2;188;190;190m░[38;2;184;189;191m░[38;2;185;188;190m░[38;2;186;188;190m░[38;2;186;189;188m░[38;2;187;189;189m░[38;2;188;189;186m░[38;2;189;189;185m░[38;2;188;190;187m░[38;2;187;189;184m░[38;2;186;187;183m░[38;2;187;188;183m░[38;2;187;188;184m░[38;2;187;188;183m▒[0m
[38;2;184;185;180m▒[38;2;185;186;181m░[38;2;186;187;183m░[38;2;186;187;182m░[38;2;186;187;182m░[38;2;186;186;183m░[38;2;186;187;183m░[38;2;187;188;183m░[38;2;187;187;188m░[38;2;187;187;188m░[38;2;187;187;188m░[38;2;187;188;189m░[38;2;186;189;190m░[38;2;187;188;191m░[38;2;189;189;190m░[38;2;188;191;191m░[38;2;187;191;193m░[38;2;187;191;192m░[38;2;189;189;192m░[38;2;190;190;192m░[38;2;190;192;193m░[38;2;189;192;192m░[38;2;190;190;188m░[38;2;190;190;190m░[38;2;189;190;191m░[38;2;192;196;199m░[38;2;183;176;171m▒[38;2;106;77;60m▒[38;2;92;72;57m▒[38;2;103;80;58m▒[38;2;111;82;61m▒[38;2;113;81;60m▒[38;2;107;77;59m▒[38;2;101;75;55m▒[38;2;100;71;51m▒[38;2;100;65;46m▒[38;2;115;75;53m▒[38;2;145;97;67m▒[38;2;144;93;58m▒[38;2;177;143;123m░[38;2;254;254;251m░[38;2;139;145;157m░[38;2;58;69;85m▒[38;2;184;188;187m▒[38;2;190;190;189m░[38;2;187;187;187m░[38;2;189;190;186m░[38;2;188;190;189m░[38;2;188;188;191m░[38;2;187;187;191m░[38;2;186;187;190m░[38;2;186;188;190m░[38;2;187;188;188m░[38;2;187;188;189m░[38;2;187;187;185m░[38;2;188;188;185m░[38;2;188;189;185m░[38;2;187;188;183m░[38;2;186;187;182m░[38;2;186;186;182m░[38;2;186;188;182m░[38;2;187;188;184m▒[0m
[38;2;185;185;181m▒[38;2;185;186;182m░[38;2;185;186;182m░[38;2;185;186;181m░[38;2;185;186;182m░[38;2;186;187;182m░[38;2;186;187;182m░[38;2;186;187;183m░[38;2;187;187;183m░[38;2;187;187;184m░[38;2;187;188;185m░[38;2;187;188;188m░[38;2;186;188;190m░[38;2;187;187;191m░[38;2;188;189;189m░[38;2;187;191;189m░[38;2;187;190;193m░[38;2;187;189;192m░[38;2;187;189;191m░[38;2;186;189;191m░[38;2;188;190;192m░[38;2;190;190;190m░[38;2;189;190;188m░[38;2;189;191;188m░[38;2;189;192;191m░[38;2;189;192;194m░[38;2;188;187;185m▒[38;2;136;104;82m▒[38;2;97;71;50m▒[38;2;92;67;48m▒[38;2;100;68;50m▒[38;2;103;70;49m▒[38;2;106;75;51m▒[38;2;108;75;50m▒[38;2;109;71;47m▒[38;2;120;78;55m▒[38;2;134;88;62m▒[38;2;140;86;52m▒[38;2;163;125;99m░[38;2;226;223;217m░[38;2;226;227;223m░[38;2;91;100;115m▒[38;2;30;41;61m▓[38;2;96;105;118m▒[38;2;193;194;192m▒[38;2;189;190;185m░[38;2;187;189;184m░[38;2;188;189;188m░[38;2;187;187;191m░[38;2;186;188;189m░[38;2;186;188;189m░[38;2;186;189;190m░[38;2;187;188;190m░[38;2;188;188;186m░[38;2;187;188;184m░[38;2;188;189;185m░[38;2;188;189;184m░[38;2;188;188;184m░[38;2;187;188;183m░[38;2;187;188;183m░[38;2;186;188;183m░[38;2;187;188;183m▒[0m
[38;2;183;185;180m▒[38;2;184;185;181m░[38;2;184;185;181m░[38;2;184;186;181m░[38;2;186;187;182m░[38;2;186;188;183m░[38;2;186;188;182m░[38;2;186;187;182m░[38;2;186;188;183m░[38;2;186;189;183m░[38;2;187;189;186m░[38;2;187;188;187m░[38;2;187;188;189m░[38;2;187;190;188m░[38;2;186;190;189m░[38;2;186;190;190m░[38;2;188;189;189m░[38;2;188;190;190m░[38;2;187;191;190m░[38;2;187;190;191m░[38;2;187;189;191m░[38;2;187;190;190m░[38;2;188;191;190m░[38;2;189;192;190m░[38;2;188;191;191m░[38;2;187;187;188m░[38;2;195;199;197m▒[38;2;149;125;101m▒[38;2;117;83;55m▒[38;2;107;74;54m▒[38;2;115;73;51m▒[38;2;120;79;52m▒[38;2;121;81;54m▒[38;2;122;79;54m▒[38;2;128;82;57m▒[38;2;140;91;59m▒[38;2;132;81;48m▒[38;2;147;112;89m▒[38;2;211;207;200m░[38;2;237;239;233m░[38;2;172;178;179m▒[38;2;38;50;67m▒[38;2;52;63;79m▒[38;2;55;69;87m▒[38;2;104;115;126m▒[38;2;187;190;187m▒[38;2;197;197;192m░[38;2;189;190;188m░[38;2;184;188;189m░[38;2;184;190;190m░[38;2;186;189;190m░[38;2;187;188;189m░[38;2;188;188;188m░[38;2;188;190;185m░[38;2;188;189;185m░[38;2;187;188;184m░[38;2;187;188;184m░[38;2;187;188;184m░[38;2;187;188;183m░[38;2;186;187;183m░[38;2;186;187;182m░[38;2;185;186;181m▒[0m
[38;2;186;187;183m▒[38;2;183;184;180m░[38;2;184;185;182m░[38;2;184;186;181m░[38;2;185;187;182m░[38;2;185;186;182m░[38;2;186;187;183m░[38;2;186;188;183m░[38;2;186;188;182m░[38;2;186;188;183m░[38;2;186;187;184m░[38;2;187;188;185m░[38;2;188;189;186m░[38;2;188;189;186m░[38;2;187;189;190m░[38;2;187;188;187m░[38;2;187;189;187m░[38;2;186;191;191m░[38;2;186;189;188m░[38;2;187;187;189m░[38;2;185;188;191m░[38;2;185;190;191m░[38;2;185;191;190m░[38;2;186;188;189m░[38;2;189;191;191m░[38;2;194;196;194m░[38;2;180;185;182m▒[38;2;151;126;106m░[38;2;128;87;60m▒[38;2;123;86;62m▒[38;2;123;80;56m▒[38;2;130;85;57m▒[38;2;135;85;58m▒[38;2;136;87;57m▒[38;2;133;86;53m▒[38;2;128;80;49m▒[38;2;158;129;110m░[38;2;204;200;190m░[38;2;214;216;208m░[38;2;227;228;222m░[38;2;93;102;113m▒[38;2;37;48;66m▒[38;2;55;66;83m▒[38;2;62;72;90m▒[38;2;57;69;87m▒[38;2;86;99;116m▒[38;2;130;139;150m░[38;2;178;181;180m▒[38;2;193;197;193m░[38;2;187;190;188m░[38;2;185;187;187m░[38;2;187;188;185m░[38;2;188;190;184m░[38;2;188;190;184m░[38;2;187;188;184m░[38;2;187;187;184m░[38;2;187;188;184m░[38;2;187;189;183m░[38;2;186;188;183m░[38;2;186;186;182m░[38;2;185;186;182m░[38;2;187;188;183m▒[0m
[38;2;196;197;194m░[38;2;181;182;178m░[38;2;184;185;180m░[38;2;184;185;181m░[38;2;184;184;180m░[38;2;184;184;182m░[38;2;185;186;182m░[38;2;186;187;182m░[38;2;186;187;182m░[38;2;186;186;182m░[38;2;186;186;184m░[38;2;186;187;183m░[38;2;186;188;184m░[38;2;187;188;185m░[38;2;187;187;185m░[38;2;187;188;186m░[38;2;187;189;186m░[38;2;186;189;189m░[38;2;187;187;191m░[38;2;187;187;190m░[38;2;184;187;189m░[38;2;184;186;188m░[38;2;190;190;191m░[38;2;195;195;192m▒[38;2;180;183;182m▒[38;2;125;133;138m░[38;2;104;113;120m▒[38;2;182;169;158m▒[38;2;126;80;56m▒[38;2;135;91;66m▒[38;2;129;85;60m▒[38;2;136;87;57m▒[38;2;141;90;60m▒[38;2;133;81;50m▒[38;2;128;84;57m▒[38;2;170;150;135m░[38;2;208;202;193m░[38;2;202;200;191m░[38;2;229;229;222m░[38;2;162;167;169m▒[38;2;39;47;65m▒[38;2;48;58;76m▒[38;2;50;60;78m▒[38;2;58;68;87m▒[38;2;67;78;97m▒[38;2;52;63;81m▒[38;2;64;77;99m▒[38;2;85;99;120m▒[38;2;135;142;152m░[38;2;183;183;182m▒[38;2;194;193;188m░[38;2;189;190;184m░[38;2;185;186;182m░[38;2;185;186;183m░[38;2;187;187;183m░[38;2;187;187;185m░[38;2;187;188;184m░[38;2;186;187;183m░[38;2;186;187;183m░[38;2;186;186;183m░[38;2;183;184;179m░[38;2;196;197;192m░[0m
[38;2;214;214;213m░[38;2;178;180;176m░[38;2;184;185;180m░[38;2;183;183;180m░[38;2;184;184;180m░[38;2;185;185;181m░[38;2;185;186;182m░[38;2;185;186;181m░[38;2;186;186;182m░[38;2;186;186;182m░[38;2;186;186;182m░[38;2;186;187;183m░[38;2;187;187;184m░[38;2;187;187;184m░[38;2;187;187;183m░[38;2;187;188;183m░[38;2;187;188;183m░[38;2;188;187;188m░[38;2;186;186;188m░[38;2;185;186;188m░[38;2;189;190;191m░[38;2;194;193;192m▒[38;2;177;178;178m▒[38;2;126;133;141m▒[38;2;73;82;97m▒[38;2;31;39;56m▓[38;2;76;82;92m▒[38;2;214;214;207m░[38;2;146;118;102m▒[38;2;121;73;48m▒[38;2;143;98;73m▒[38;2;145;98;69m▒[38;2;126;78;50m▒[38;2;132;94;75m▒[38;2;191;179;166m▒[38;2;212;208;200m░[38;2;206;199;189m░[38;2;210;208;200m░[38;2;215;216;210m░[38;2;73;80;92m▒[38;2;40;49;68m▒[38;2;53;61;80m▒[38;2;56;64;83m▒[38;2;61;70;90m▒[38;2;64;72;92m▒[38;2;50;60;76m▒[38;2;58;70;86m▒[38;2;60;74;95m▒[38;2;72;86;113m▒[38;2;94;105;127m▒[38;2;135;142;153m░[38;2;176;179;178m▒[38;2;193;193;188m▒[38;2;190;190;186m░[38;2;185;185;182m░[38;2;185;186;182m░[38;2;186;187;183m░[38;2;185;185;182m░[38;2;185;186;182m░[38;2;186;187;183m░[38;2;181;182;177m░[38;2;212;212;209m░[0m
[38;2;234;234;231m░[38;2;180;181;177m░[38;2;182;183;179m░[38;2;182;183;179m░[38;2;183;184;179m░[38;2;184;186;181m░[38;2;186;187;183m░[38;2;184;185;181m░[38;2;185;185;181m░[38;2;185;186;181m░[38;2;186;188;182m░[38;2;185;187;182m░[38;2;186;187;183m░[38;2;187;188;183m░[38;2;186;188;182m░[38;2;186;188;182m░[38;2;185;186;182m░[38;2;186;187;184m░[38;2;192;193;191m░[38;2;192;194;191m▒[38;2;172;176;176m▒[38;2;123;129;138m▒[38;2;72;82;98m▒[38;2;51;63;81m▒[38;2;49;56;72m▒[38;2;33;40;55m▓[38;2;68;73;80m▒[38;2;208;209;200m▒[38;2;202;200;190m▒[38;2;158;130;112m░[38;2;134;86;61m▒[38;2;134;87;60m▒[38;2;141;112;92m▒[38;2;198;191;179m▒[38;2;210;205;195m░[38;2;209;205;196m░[38;2;205;203;193m░[38;2;216;215;205m░[38;2;141;145;145m▒[38;2;39;48;63m▒[38;2;56;66;82m▒[38;2;57;67;85m▒[38;2;57;66;85m▒[38;2;62;71;90m▒[38;2;65;74;93m▒[38;2;50;60;76m▒[38;2;50;62;79m▒[38;2;62;75;95m▒[38;2;79;92;116m▒[38;2;78;94;119m▒[38;2;75;92;118m▒[38;2;88;101;125m▒[38;2;126;134;147m░[38;2;170;174;173m▒[38;2;193;193;186m▒[38;2;191;191;186m░[38;2;184;185;181m░[38;2;184;185;181m░[38;2;185;186;181m░[38;2;186;187;182m░[38;2;181;182;178m░[38;2;231;231;228m░[0m
[38;2;251;251;248m░[38;2;188;190;189m░[38;2;179;180;178m░[38;2;182;183;179m░[38;2;183;185;180m░[38;2;184;186;181m░[38;2;184;185;181m░[38;2;184;185;180m░[38;2;185;186;181m░[38;2;184;186;181m░[38;2;186;187;182m░[38;2;185;186;182m░[38;2;186;187;182m░[38;2;187;189;183m░[38;2;185;187;182m░[38;2;187;187;183m░[38;2;192;193;187m░[38;2;189;191;186m▒[38;2;164;169;171m▒[38;2;119;128;140m▒[38;2;70;81;99m▒[38;2;53;63;83m▒[38;2;58;68;85m▒[38;2;52;60;76m▒[38;2;48;54;69m▓[38;2;34;41;56m▓[38;2;66;71;75m▒[38;2;210;211;203m░[38;2;213;215;208m░[38;2;148;147;142m▒[38;2;112;95;82m▒[38;2;136;120;102m▒[38;2;213;212;200m░[38;2;209;207;196m░[38;2;207;203;192m░[38;2;208;206;195m░[38;2;206;207;198m░[38;2;209;209;205m▒[38;2;72;80;91m▒[38;2;42;52;65m▒[38;2;55;66;80m▒[38;2;61;71;90m▒[38;2;59;69;89m▒[38;2;61;71;90m▒[38;2;68;79;98m▒[38;2;57;70;86m▒[38;2;51;62;79m▒[38;2;60;71;90m▒[38;2;73;87;109m▒[38;2;81;96;119m▒[38;2;82;97;122m▒[38;2;78;94;119m▒[38;2;72;88;114m▒[38;2;83;100;122m▒[38;2;119;130;144m▒[38;2;163;167;168m▒[38;2;191;191;185m▒[38;2;189;190;183m░[38;2;183;185;180m░[38;2;181;182;178m░[38;2;189;190;185m░[38;2;249;249;245m░[0m
[38;2;255;255;255m░[38;2;208;211;210m░[38;2;174;176;175m░[38;2;182;183;180m░[38;2;182;183;179m░[38;2;183;183;180m░[38;2;184;184;181m░[38;2;183;184;179m░[38;2;184;185;180m░[38;2;185;186;181m░[38;2;186;186;182m░[38;2;185;186;182m░[38;2;186;188;183m░[38;2;185;186;182m░[38;2;190;190;186m░[38;2;183;184;181m▒[38;2;154;161;163m▒[38;2;107;119;133m▒[38;2;71;85;106m▒[38;2;62;74;95m▒[38;2;60;69;87m▒[38;2;59;69;86m▒[38;2;47;56;71m▒[38;2;45;52;68m▒[38;2;53;58;75m▓[38;2;26;35;48m▓[38;2;96;100;99m▒[38;2;215;214;207m░[38;2;80;82;86m▒[38;2;14;22;40m▓[38;2;31;41;55m▓[38;2;29;37;49m▓[38;2;121;120;120m▒[38;2;224;220;210m░[38;2;213;210;200m░[38;2;203;201;192m░[38;2;227;225;219m░[38;2;159;162;167m▒[38;2;37;48;64m▒[38;2;53;63;79m▒[38;2;50;59;75m▒[38;2;59;69;87m▒[38;2;66;78;97m▓[38;2;64;76;95m▓[38;2;59;69;86m▒[38;2;53;64;81m▒[38;2;54;64;82m▒[38;2;60;72;91m▒[38;2;69;82;104m▒[38;2;74;87;110m▒[38;2;78;92;116m▒[38;2;77;91;115m▒[38;2;82;96;118m▒[38;2;80;96;120m▒[38;2;72;88;115m▒[38;2;79;92;118m▒[38;2;111;121;135m▒[38;2;169;172;171m▒[38;2;195;195;190m▒[38;2;182;181;179m░[38;2;207;207;204m░[38;2;255;255;255m░[0m
[38;2;255;255;254m░[38;2;236;237;234m░[38;2;175;179;179m░[38;2;180;181;180m░[38;2;181;181;181m░[38;2;181;181;180m░[38;2;182;183;180m░[38;2;183;184;180m░[38;2;184;184;180m░[38;2;185;185;181m░[38;2;185;185;181m░[38;2;186;186;182m░[38;2;184;185;181m░[38;2;191;191;187m░[38;2;155;158;162m░[38;2;88;99;116m▒[38;2;71;84;105m▒[38;2;67;79;100m▒[38;2;70;80;99m▒[38;2;63;72;90m▒[38;2;56;67;84m▒[38;2;59;70;87m▒[38;2;38;48;63m▒[38;2;46;53;69m▒[38;2;56;63;81m▓[38;2;21;26;35m▓[38;2;148;148;144m▒[38;2;163;158;151m▒[38;2;11;13;18m▓[38;2;28;37;56m▓[38;2;34;42;58m▓[38;2;27;33;48m▓[38;2;7;12;27m▓[38;2;93;91;90m▒[38;2;214;211;201m░[38;2;217;215;210m░[38;2;226;224;221m░[38;2;83;90;102m▒[38;2;40;51;67m▒[38;2;53;62;79m▒[38;2;51;60;77m▒[38;2;50;58;74m▒[38;2;44;53;65m▒[38;2;34;43;52m▓[38;2;32;37;48m▓[38;2;50;58;75m▒[38;2;56;67;85m▒[38;2;65;77;96m▒[38;2;66;78;99m▒[38;2;69;80;102m▒[38;2;73;85;106m▒[38;2;74;87;108m▒[38;2;77;90;111m▒[38;2;76;90;113m▒[38;2;80;92;115m▒[38;2;77;91;115m▒[38;2;72;87;113m▒[38;2;84;97;118m▒[38;2;123;130;141m▒[38;2;156;159;160m░[38;2;233;233;230m░[38;2;255;255;255m░[0m
[38;2;253;253;250m░[38;2;253;254;251m░[38;2;191;194;195m░[38;2;175;177;179m░[38;2;181;182;183m░[38;2;181;182;181m░[38;2;182;183;180m░[38;2;183;183;179m░[38;2;184;184;180m░[38;2;185;186;181m░[38;2;185;186;181m░[38;2;185;186;181m░[38;2;189;188;184m░[38;2;168;170;170m▒[38;2;70;82;99m▒[38;2;67;80;99m▒[38;2;69;80;98m▒[38;2;64;73;91m▒[38;2;66;76;94m▒[38;2;60;69;87m▒[38;2;52;61;79m▒[38;2;55;63;81m▒[38;2;51;59;76m▒[38;2;53;60;76m▒[38;2;46;53;70m▒[38;2;44;48;53m▒[38;2;154;151;142m▒[38;2;129;118;104m▒[38;2;90;88;86m▒[38;2;21;29;47m▓[38;2;30;37;51m▓[38;2;19;27;39m▓[38;2;17;21;29m▓[38;2;58;55;48m▒[38;2;140;132;122m░[38;2;226;223;216m░[38;2;181;184;185m▒[38;2;38;48;62m▒[38;2;52;62;77m▒[38;2;47;58;74m▒[38;2;45;56;72m▒[38;2;51;61;76m▒[38;2;32;39;49m▓[38;2;36;43;56m▓[38;2;64;72;90m▓[38;2;60;69;87m▒[38;2;58;69;87m▒[38;2;65;77;97m▒[38;2;68;79;99m▒[38;2;69;79;98m▒[38;2;73;85;103m▒[38;2;73;85;104m▒[38;2;77;89;108m▒[38;2;77;90;110m▒[38;2;76;89;110m▒[38;2;77;90;110m▒[38;2;74;85;105m▒[38;2;66;78;96m▒[38;2;37;50;68m▒[38;2;82;92;106m▒[38;2;251;252;249m░[38;2;253;254;251m░[0m
[38;2;252;253;250m░[38;2;255;255;255m [38;2;225;225;225m░[38;2;173;175;177m░[38;2;180;183;182m░[38;2;180;182;181m░[38;2;181;183;180m░[38;2;182;183;179m░[38;2;183;184;179m░[38;2;184;186;180m░[38;2;184;186;180m░[38;2;183;184;180m░[38;2;192;192;187m▒[38;2;106;115;124m▒[38;2;51;62;80m▒[38;2;68;78;95m▒[38;2;64;73;91m▒[38;2;59;69;86m▒[38;2;60;72;88m▒[38;2;56;66;83m▒[38;2;56;63;81m▒[38;2;49;56;73m▒[38;2;49;57;71m▒[38;2;55;62;78m▓[38;2;36;44;59m▓[38;2;62;64;63m▒[38;2;171;170;159m▒[38;2;182;178;164m▒[38;2;150;147;141m▒[38;2;26;33;50m▓[38;2;24;32;44m▓[38;2;18;26;34m▓[38;2;96;94;84m▒[38;2;179;170;156m▒[38;2;166;157;146m░[38;2;169;163;149m░[38;2;98;105;111m▒[38;2;37;47;63m▒[38;2;49;58;74m▒[38;2;52;64;79m▒[38;2;47;60;75m▒[38;2;48;58;73m▒[38;2;58;66;84m▓[38;2;58;67;84m▒[38;2;59;69;85m▒[38;2;56;67;84m▒[38;2;60;71;90m▒[38;2;64;74;93m▒[38;2;68;79;96m▒[38;2;68;80;97m▒[38;2;69;79;97m▒[38;2;69;79;98m▒[38;2;76;86;104m▒[38;2;77;89;106m▒[38;2;69;81;99m▒[38;2;65;75;93m▒[38;2;66;77;95m▒[38;2;53;63;78m▒[38;2;26;36;52m▓[38;2;158;162;168m░[38;2;255;255;255m░[38;2;250;250;247m░[0m
[38;2;253;253;250m░[38;2;253;254;251m░[38;2;252;252;250m░[38;2;187;191;190m░[38;2;174;178;176m▒[38;2;181;182;181m▒[38;2;180;182;181m▒[38;2;181;183;179m▒[38;2;183;185;179m▒[38;2;183;185;180m▒[38;2;183;183;180m▒[38;2;184;184;181m▒[38;2;180;182;179m▒[38;2;69;80;95m▒[38;2;51;61;78m▓[38;2;62;72;89m▒[38;2;60;70;87m▒[38;2;58;69;86m▒[38;2;60;71;88m▒[38;2;54;65;82m▓[38;2;51;61;78m▓[38;2;53;61;76m▓[38;2;50;58;73m▓[38;2;53;59;77m▓[38;2;31;38;53m▓[38;2;84;84;78m▒[38;2;204;205;197m░[38;2;219;219;212m░[38;2;155;155;153m▒[38;2;24;31;48m▓[38;2;17;25;38m▓[38;2;86;88;85m▒[38;2;183;175;160m▒[38;2;186;178;168m▒[38;2;203;199;188m░[38;2;173;173;165m▒[38;2;39;50;62m▓[38;2;49;58;75m▓[38;2;47;58;74m▓[38;2;49;61;76m▓[38;2;55;65;81m▓[38;2;54;63;80m▓[38;2;56;65;82m▓[38;2;61;71;88m▒[38;2;50;60;75m▓[38;2;61;70;88m▒[38;2;67;76;95m▒[38;2;63;73;91m▒[38;2;63;74;92m▒[38;2;66;75;93m▒[38;2;63;71;90m▒[38;2;64;73;91m▒[38;2;66;77;93m▒[38;2;68;78;95m▒[38;2;59;69;86m▒[38;2;55;65;83m▓[38;2;49;58;73m▓[38;2;34;43;57m▓[38;2;58;66;80m▓[38;2;241;242;241m░[38;2;254;254;252m░[38;2;252;253;250m░[0m
